# Number of parameters = 74  Objective function value = 1.30030e+009  Maximum gradient component = 0.00000
# ln_yr1N:
 0.00000 8.42133 10.2489 10.8546 7.22942
 8.96522 12.7300 10.3543 9.38708 3.13231
 0.00000 2.37003 3.65018 3.33742 2.65320
 4.71453 5.37414 4.74328 4.12992 -0.645592
 6.91686 7.43422 7.09527 5.68254 -0.792583
 -4.68465 8.11338 8.97737 8.27116 4.22597
 3.78041 8.64690 5.38643 5.42300 2.86202
 1.89642 7.95577 8.40877 6.98298 0.240260
 3.78890 6.59997 8.06658 6.87399 0.297186
 6.93471 10.5712 8.46367 5.55932 -3.32143
 5.25516 6.82267 6.71729 5.74502 1.51251
# recruitment_alpha:
 0.00000 0.00000 0.00000 0.00000 0.00000 0.00000 0.00000 0.00000 0.00000 0.00000 0.00000
# recruitment_shape:
 0.00000 0.00000 0.00000 0.00000 0.00000 0.00000 0.00000 0.00000 0.00000 0.00000 0.00000
# recruitment_beta:
 0.00000 0.00000 0.00000 0.00000 0.00000 0.00000 0.00000 0.00000 0.00000 0.00000 0.00000
# ln_avg_recruitment:
 16.6649 13.3824 3.06345 14.1573 15.6211 16.0275 13.5710 14.0491 6.53391 12.9151 17.3147
# recruitment_devs:
 0.755593 0.740515 0.735473 0.734591 0.729772 0.721938 0.719758 0.723679 0.714601 0.712040 0.711249 0.701911 0.702735 0.691263 0.691834 0.656470 0.337343 0.0401695 -0.218941 -0.435885 -0.590572 -0.708059 -0.785401 -0.829827 -0.848656 -0.846307 -0.844141 -0.848387 -0.843393 -0.843853 -0.849331 -0.839590 -0.832053 -0.827064 -0.820525 -0.824699 -0.821735 -0.825256 -0.817275 -0.815829 -0.800632 -0.573776 -0.365604 -0.198991 -0.0564346 0.0503890 0.134640 0.200282 0.254638 0.289572 0.291433 0.307629 0.346624 0.339108 0.324024 0.327171 0.328165 0.323162 0.327402 0.316817 0.317678 0.312230 0.312150 0.308859 0.307915 0.294749 0.242029 0.214177 0.152504 0.108944 0.0819726 0.0573411 0.0460272 0.0307642 0.0283052 0.0265790 0.0282874 0.0315787 0.0164474 0.0116897
 -0.225918 -0.755468 -0.0966062 -0.223329 -0.315312 -0.189814 -0.707791 0.344210 0.344210 0.638554 -1.30574 -0.000314620 0.196106 0.256797 -0.509351 -0.701491 -0.182641 -0.350358 -1.31970 -0.0400405 -0.238254 -0.543348 -0.623757 -0.574604 0.174380 0.461713 -0.0908436 -0.0400023 -0.121768 -0.0579176 -0.143083 0.137443 0.0822551 0.146481 -0.0837776 0.0513767 -0.000458728 -0.178421 -0.0605203 -0.0792917 0.0312657 -0.0866815 0.687363 0.495722 0.197111 0.0314932 0.0189575 0.196615 -0.226646 -0.208093 0.122320 0.364569 0.104656 -0.439932 0.419890 0.0493557 0.115965 -0.0584928 -0.0285552 0.762921 0.321328 0.120902 0.325992 0.592371 0.312922 0.408504 -0.181093 0.285535 0.478523 -0.183810 0.0794498 0.252168 0.187054 -0.297351 0.202752 0.605456 0.00463267 0.489426 0.385571 -0.0137379
 0.00000 0.00000 0.00000 0.00000 0.00000 0.00000 0.00000 0.00000 0.00000 0.00000 0.00000 0.00000 0.00000 0.00000 0.00000 0.00000 0.00000 0.00000 0.00000 0.00000 0.00000 0.00000 0.00000 0.00000 0.00000 0.00000 0.00000 0.00000 0.00000 0.00000 0.00000 0.00000 0.00000 0.00000 0.00000 0.00000 0.00000 0.00000 0.00000 0.00000 0.00000 0.00000 0.00000 0.00000 0.00000 0.00000 0.00000 0.00000 0.00000 0.00000 0.00000 0.00000 0.00000 0.00000 0.00000 0.00000 0.00000 0.00000 0.00000 0.00000 0.00000 0.00000 0.00000 0.00000 0.00000 0.00000 0.00000 0.00000 0.00000 0.00000 0.00000 0.00000 0.00000 0.00000 0.00000 0.00000 0.00000 0.00000 0.00000 0.00000
 0.442650 0.241851 0.100226 -0.00223214 -0.0196228 0.0579854 0.327847 0.569103 0.639780 0.772580 0.744215 0.745168 0.801616 0.749063 0.732193 0.757484 0.662126 0.372257 0.0645256 -0.265067 -0.540116 -0.847502 -1.11217 -1.23467 -1.32017 -1.51284 -1.67941 -1.86370 -1.90050 -1.30508 -0.579714 0.400415 0.548229 0.389009 0.150734 -0.193121 -0.459898 -0.725857 -0.920057 -1.09316 -1.23831 -1.03839 -0.650985 -0.134261 0.791572 0.816217 0.830341 0.754887 0.665794 0.677077 0.937793 0.889642 0.890473 0.775244 0.696051 0.610433 0.517419 0.414771 0.393772 0.394463 0.447788 0.925322 0.900663 0.913584 0.767224 0.643027 0.440054 0.274256 0.139265 0.0603420 -0.0895889 -0.205138 -0.261332 -0.400213 -0.513183 -0.644595 -0.788661 -1.03512 -1.09628 -1.16558
 -0.342211 -0.307728 -0.277370 -0.245805 -0.219300 -0.192892 -0.162791 -0.141103 -0.128763 -0.107912 -0.104391 -0.100949 -0.0883669 -0.0913630 -0.0901672 -0.0807530 -0.0779224 -0.0696596 -0.0661095 -0.0575354 -0.0369142 -0.0317223 -0.0238668 -0.00313624 0.00611837 0.0167485 0.0368317 0.0427582 0.0530702 0.0504326 0.0574252 0.0716533 0.0744647 0.0803956 0.0902900 0.0811147 0.0892267 0.0791074 0.0842305 0.0883843 0.0811679 0.0865555 0.0862941 0.0854137 0.0925581 0.0835771 0.0708454 0.0760641 0.0625793 0.0627285 0.0532422 0.0527162 0.0685379 0.0515682 0.0406535 0.0391167 0.0331295 0.0327465 0.0403397 0.0365543 0.0370594 0.0313158 0.0286908 0.0358336 0.0314983 0.0304149 0.0342023 0.0458137 0.0336564 0.0360539 0.0321014 0.0357129 0.0452218 0.0420619 0.0459283 0.0501917 0.0526457 0.0629937 0.0484972 0.0501978
 0.311982 0.315128 0.319635 0.322662 0.324795 0.333339 0.340932 0.347289 0.348809 0.352664 0.353294 0.355724 0.355567 0.355894 0.358174 0.359227 0.277272 0.195759 0.118341 0.0444141 -0.0209397 -0.0802937 -0.131454 -0.174471 -0.212569 -0.244115 -0.270362 -0.293491 -0.310979 -0.326469 -0.336337 -0.341994 -0.349731 -0.357464 -0.364970 -0.379116 -0.387508 -0.389968 -0.383903 -0.378749 -0.378829 -0.325090 -0.273230 -0.225694 -0.175217 -0.133860 -0.0987769 -0.0679891 -0.0436146 -0.0294685 -0.0162984 0.00710267 0.0331773 0.0508998 0.0601380 0.0708339 0.0773253 0.0820587 0.0858265 0.0869252 0.0834825 0.0831939 0.0868522 0.0886595 0.0914003 0.0929883 0.0818828 0.0763802 0.0685479 0.0541079 0.0427630 0.0315854 0.0227949 0.0134871 0.000698292 -0.00370477 -0.00768208 -0.00974095 -0.0189334 -0.0209963
 0.601669 0.602949 0.610769 0.605839 0.611407 0.608581 0.614363 0.634194 0.654004 0.629977 0.638538 0.633790 0.631626 0.620630 0.605613 0.563475 0.0362826 -0.295730 -0.470612 -0.557182 -0.588802 -0.608607 -0.596074 -0.575271 -0.559679 -0.592152 -0.546919 -0.611559 -0.583802 -0.597001 -0.560347 -0.545047 -0.568075 -0.604032 -0.596063 -0.567208 -0.603969 -0.618253 -0.569924 -0.592609 -0.591423 -0.239536 -0.0605764 0.0479435 0.0964622 0.130077 0.149308 0.169393 0.190217 0.195498 0.212788 0.188640 0.177733 0.202479 0.217474 0.194627 0.193787 0.193064 0.209796 0.208926 0.207649 0.219009 0.213705 0.202703 0.218454 0.188239 0.0976369 0.0560730 -0.000396995 -0.0127886 -0.00976259 -0.0305513 -0.0627381 -0.0592410 -0.0360115 -0.0584793 -0.0376895 -0.0284742 -0.0363875 -0.0124195
 0.770735 0.696024 0.490694 0.343854 0.256471 0.312672 0.101685 0.138485 -0.0431213 -0.170034 -0.152197 0.104218 0.379146 0.378705 0.275463 0.0550801 -0.357354 -1.05523 -1.25845 -1.34318 -1.67042 -1.47684 -1.81082 -1.94916 -2.18324 -2.22990 -1.79827 -1.07990 -0.832985 -0.298343 -0.479473 -0.259438 -0.554697 -0.575170 -0.783195 -1.15874 -1.16240 -1.01629 -0.692900 -0.778505 -0.709730 -0.329965 -0.136159 0.370258 0.377537 0.563608 0.575675 0.538332 0.454418 0.233576 0.161713 0.232975 0.294279 0.614423 0.864894 1.27736 1.14594 1.16560 1.02808 0.957792 0.800079 0.781154 0.564741 0.531649 0.496781 0.870149 0.885739 1.21678 0.936238 0.852600 0.633395 0.556832 0.491049 0.223912 -0.0684026 -0.0719966 0.129278 0.739909 1.06880 1.54772
 0.00000 0.00000 0.00000 0.00000 0.00000 0.00000 0.00000 0.00000 0.00000 0.00000 0.00000 0.00000 0.00000 0.00000 0.00000 0.00000 0.00000 0.00000 0.00000 0.00000 0.00000 0.00000 0.00000 0.00000 0.00000 0.00000 0.00000 0.00000 0.00000 0.00000 0.00000 0.00000 0.00000 0.00000 0.00000 0.00000 0.00000 0.00000 0.00000 0.00000 0.00000 0.00000 0.00000 0.00000 0.00000 0.00000 0.00000 0.00000 0.00000 0.00000 0.00000 0.00000 0.00000 0.00000 0.00000 0.00000 0.00000 0.00000 0.00000 0.00000 0.00000 0.00000 0.00000 0.00000 0.00000 0.00000 0.00000 0.00000 0.00000 0.00000 0.00000 0.00000 0.00000 0.00000 0.00000 0.00000 0.00000 0.00000 0.00000 0.00000
 0.785633 0.796840 0.811627 0.833530 0.850865 0.859716 0.881885 0.898297 0.894964 0.922837 0.928003 0.928421 0.957118 0.955479 0.959819 0.935954 0.671472 0.455136 0.276681 0.0848390 -0.0770786 -0.237834 -0.396680 -0.490523 -0.612491 -0.702636 -0.759404 -0.812965 -0.846778 -0.876950 -0.909308 -0.925216 -0.948826 -0.958189 -0.973842 -0.991881 -0.989483 -0.978133 -0.991461 -0.989559 -0.980338 -0.833733 -0.702210 -0.586480 -0.467755 -0.370477 -0.267798 -0.190255 -0.126459 -0.0508929 0.00620911 0.0490282 0.0849985 0.116612 0.141576 0.168797 0.186776 0.210710 0.235327 0.229544 0.254061 0.264660 0.270663 0.283232 0.291613 0.286311 0.253956 0.223027 0.187439 0.177485 0.138390 0.106375 0.0942593 0.0515483 0.0406444 0.0297756 0.00455512 0.000670807 -0.0129023 -0.0188239
 0.191424 0.224057 0.227965 0.236363 0.260467 0.302278 0.347274 0.388910 0.415050 0.450544 0.476773 0.493491 0.502665 0.519124 0.530931 0.529592 0.433707 0.333439 0.233536 0.133561 0.0396856 -0.0499614 -0.138152 -0.213720 -0.280629 -0.346935 -0.395579 -0.440903 -0.476223 -0.499609 -0.522761 -0.533268 -0.530419 -0.535383 -0.535567 -0.549895 -0.556433 -0.556784 -0.568956 -0.570944 -0.582388 -0.519916 -0.448571 -0.382383 -0.316246 -0.256760 -0.200016 -0.140053 -0.0889202 -0.0486648 -0.00434254 0.0378977 0.0764854 0.106130 0.122442 0.146419 0.158307 0.159359 0.168398 0.173994 0.179003 0.185661 0.192148 0.200079 0.211768 0.212719 0.204559 0.198039 0.184097 0.161625 0.155377 0.136179 0.123605 0.103411 0.0903280 0.0832930 0.0738553 0.0654696 0.0610699 0.0478296
# ln_recsigma:
 1.00000 1.00000 1.00000 1.00000 1.00000 1.00000 1.00000 1.00000 1.00000 1.00000 1.00000
# avg_F:
 -1.60000
# F_devs:
 0.00000 0.00000 0.00000 0.00000 0.00000 0.00000 0.00000 0.00000 0.00000 0.00000 0.00000 0.00000 0.00000 0.00000 0.00000 0.00000 0.00000 0.00000 0.00000 0.00000 0.00000 0.00000 0.00000 0.00000 0.00000 0.00000 0.00000 0.00000 0.00000 0.00000 0.00000 0.00000 0.00000 0.00000 0.00000 0.00000 0.00000 0.00000 0.00000 0.00000 0.00000 0.00000 0.00000 0.00000 0.00000 0.00000 0.00000 0.00000 0.00000 0.00000 0.00000 0.00000 0.00000 0.00000 0.00000 0.00000 0.00000 0.00000 0.00000 0.00000 0.00000 0.00000 0.00000 0.00000 0.00000 0.00000 0.00000 0.00000 0.00000 0.00000 0.00000 0.00000 0.00000 0.00000 0.00000 0.00000 0.00000 0.00000 0.00000 0.00000
# ln_fishery_q:
 0.00000 0.00000 0.00000 0.00000 0.00000 0.00000 0.00000 0.00000
# ln_survey_q:
 1.00000 1.00000 1.00000 1.00000 1.00000 1.00000 1.00000 1.00000 1.00000 1.00000 1.00000
 0.00000 0.00000 0.00000 0.00000 0.00000 0.00000 0.00000 0.00000 0.00000 0.00000 0.00000
# ln_surv_sigma:
 0.00000 0.00000 0.00000 0.00000 0.00000 0.00000 0.00000 0.00000 0.00000 0.00000 0.00000
# ln_catch_sigma:
 2.30679e-315
 2.30679e-315
 2.30679e-315
 2.30680e-315
 2.30680e-315
 2.30680e-315
 2.30680e-315
 2.30680e-315
 2.30680e-315
 2.30680e-315
 2.30680e-315
